8.830000000000000071e-01 8.780000000000000027e-01 8.810000000000000053e-01 8.820000000000000062e-01 8.820000000000000062e-01 8.830000000000000071e-01 8.780000000000000027e-01 8.349999999999999645e-01 8.830000000000000071e-01 8.800000000000000044e-01 8.830000000000000071e-01
8.910000000000000142e-01 8.900000000000000133e-01 8.900000000000000133e-01 8.910000000000000142e-01 8.900000000000000133e-01 8.910000000000000142e-01 8.910000000000000142e-01 8.850000000000000089e-01 8.870000000000000107e-01 8.890000000000000124e-01 8.860000000000000098e-01
8.890000000000000124e-01 8.930000000000000160e-01 8.940000000000000169e-01 8.289999999999999591e-01 8.800000000000000044e-01 8.820000000000000062e-01 8.750000000000000000e-01 8.940000000000000169e-01 8.930000000000000160e-01 8.459999999999999742e-01 8.840000000000000080e-01
8.010000000000000453e-01 8.010000000000000453e-01 8.010000000000000453e-01 8.010000000000000453e-01 8.010000000000000453e-01 8.010000000000000453e-01 8.010000000000000453e-01 8.010000000000000453e-01 8.010000000000000453e-01 8.010000000000000453e-01 8.010000000000000453e-01
9.100000000000000311e-01 9.090000000000000302e-01 9.100000000000000311e-01 9.100000000000000311e-01 9.090000000000000302e-01 9.090000000000000302e-01 9.100000000000000311e-01 9.100000000000000311e-01 9.090000000000000302e-01 9.110000000000000320e-01 9.090000000000000302e-01
8.790000000000000036e-01 8.790000000000000036e-01 8.790000000000000036e-01 8.790000000000000036e-01 8.790000000000000036e-01 8.790000000000000036e-01 8.709999999999999964e-01 8.790000000000000036e-01 8.780000000000000027e-01 8.790000000000000036e-01 8.790000000000000036e-01
8.589999999999999858e-01 8.780000000000000027e-01 8.709999999999999964e-01 8.699999999999999956e-01 8.709999999999999964e-01 8.629999999999999893e-01 8.790000000000000036e-01 8.719999999999999973e-01 8.459999999999999742e-01 8.679999999999999938e-01 8.800000000000000044e-01
7.700000000000000178e-01 8.389999999999999680e-01 8.399999999999999689e-01 8.419999999999999707e-01 8.419999999999999707e-01 8.399999999999999689e-01 8.429999999999999716e-01 8.429999999999999716e-01 8.399999999999999689e-01 8.219999999999999529e-01 8.399999999999999689e-01
8.800000000000000044e-01 8.800000000000000044e-01 8.800000000000000044e-01 8.800000000000000044e-01 8.800000000000000044e-01 8.770000000000000018e-01 8.800000000000000044e-01 8.810000000000000053e-01 8.800000000000000044e-01 8.800000000000000044e-01 8.800000000000000044e-01
8.860000000000000098e-01 8.860000000000000098e-01 8.810000000000000053e-01 8.750000000000000000e-01 8.850000000000000089e-01 8.830000000000000071e-01 8.850000000000000089e-01 8.850000000000000089e-01 8.840000000000000080e-01 8.860000000000000098e-01 8.860000000000000098e-01
7.089999999999999636e-01 7.399999999999999911e-01 7.780000000000000249e-01 7.750000000000000222e-01 7.740000000000000213e-01 7.780000000000000249e-01 7.800000000000000266e-01 7.620000000000000107e-01 7.750000000000000222e-01 7.820000000000000284e-01 7.810000000000000275e-01
