8.800000000000000044e-01 8.709999999999999964e-01 8.800000000000000044e-01 8.780000000000000027e-01 8.770000000000000018e-01 8.790000000000000036e-01 8.780000000000000027e-01 7.289999999999999813e-01 8.780000000000000027e-01 8.790000000000000036e-01 8.790000000000000036e-01
8.850000000000000089e-01 8.900000000000000133e-01 8.890000000000000124e-01 8.930000000000000160e-01 8.870000000000000107e-01 8.930000000000000160e-01 8.900000000000000133e-01 8.820000000000000062e-01 8.900000000000000133e-01 8.890000000000000124e-01 8.850000000000000089e-01
8.549999999999999822e-01 8.699999999999999956e-01 8.840000000000000080e-01 8.289999999999999591e-01 8.770000000000000018e-01 8.910000000000000142e-01 8.719999999999999973e-01 8.810000000000000053e-01 8.319999999999999618e-01 8.890000000000000124e-01 8.860000000000000098e-01
9.040000000000000258e-01 9.060000000000000275e-01 8.439999999999999725e-01 9.050000000000000266e-01 9.040000000000000258e-01 9.030000000000000249e-01 8.870000000000000107e-01 9.000000000000000222e-01 9.040000000000000258e-01 9.010000000000000231e-01 9.040000000000000258e-01
9.100000000000000311e-01 9.100000000000000311e-01 9.090000000000000302e-01 9.100000000000000311e-01 9.100000000000000311e-01 9.080000000000000293e-01 9.100000000000000311e-01 9.100000000000000311e-01 9.100000000000000311e-01 9.010000000000000231e-01 9.100000000000000311e-01
8.790000000000000036e-01 8.790000000000000036e-01 8.790000000000000036e-01 8.790000000000000036e-01 8.790000000000000036e-01 8.790000000000000036e-01 8.739999999999999991e-01 8.790000000000000036e-01 8.780000000000000027e-01 8.790000000000000036e-01 8.790000000000000036e-01
8.269999999999999574e-01 8.269999999999999574e-01 8.269999999999999574e-01 8.269999999999999574e-01 8.269999999999999574e-01 8.269999999999999574e-01 8.269999999999999574e-01 8.269999999999999574e-01 8.269999999999999574e-01 8.269999999999999574e-01 8.269999999999999574e-01
7.429999999999999938e-01 8.389999999999999680e-01 8.409999999999999698e-01 8.409999999999999698e-01 8.389999999999999680e-01 8.419999999999999707e-01 8.379999999999999671e-01 8.409999999999999698e-01 8.289999999999999591e-01 8.389999999999999680e-01 8.389999999999999680e-01
8.800000000000000044e-01 8.800000000000000044e-01 8.810000000000000053e-01 8.800000000000000044e-01 8.810000000000000053e-01 8.800000000000000044e-01 8.760000000000000009e-01 8.800000000000000044e-01 8.800000000000000044e-01 8.719999999999999973e-01 8.800000000000000044e-01
8.890000000000000124e-01 8.890000000000000124e-01 8.890000000000000124e-01 8.890000000000000124e-01 8.890000000000000124e-01 8.890000000000000124e-01 8.890000000000000124e-01 8.890000000000000124e-01 8.890000000000000124e-01 8.890000000000000124e-01 8.890000000000000124e-01
7.700000000000000178e-01 7.700000000000000178e-01 7.650000000000000133e-01 7.650000000000000133e-01 7.630000000000000115e-01 7.720000000000000195e-01 7.650000000000000133e-01 7.800000000000000266e-01 7.640000000000000124e-01 7.620000000000000107e-01 7.660000000000000142e-01
