8.830000000000000071e-01 8.679999999999999938e-01 8.840000000000000080e-01 8.820000000000000062e-01 8.840000000000000080e-01 8.770000000000000018e-01 8.780000000000000027e-01 8.259999999999999565e-01 8.830000000000000071e-01 8.810000000000000053e-01 8.820000000000000062e-01
8.910000000000000142e-01 8.930000000000000160e-01 8.940000000000000169e-01 8.930000000000000160e-01 8.910000000000000142e-01 8.950000000000000178e-01 8.940000000000000169e-01 8.830000000000000071e-01 8.910000000000000142e-01 8.930000000000000160e-01 8.860000000000000098e-01
8.900000000000000133e-01 8.920000000000000151e-01 8.920000000000000151e-01 8.209999999999999520e-01 8.810000000000000053e-01 8.539999999999999813e-01 8.719999999999999973e-01 8.920000000000000151e-01 8.930000000000000160e-01 8.770000000000000018e-01 8.870000000000000107e-01
8.010000000000000453e-01 8.010000000000000453e-01 8.010000000000000453e-01 8.010000000000000453e-01 8.010000000000000453e-01 8.010000000000000453e-01 8.010000000000000453e-01 8.010000000000000453e-01 8.010000000000000453e-01 8.010000000000000453e-01 8.010000000000000453e-01
9.100000000000000311e-01 9.100000000000000311e-01 9.100000000000000311e-01 9.100000000000000311e-01 9.100000000000000311e-01 9.100000000000000311e-01 9.100000000000000311e-01 9.090000000000000302e-01 9.080000000000000293e-01 9.100000000000000311e-01 9.100000000000000311e-01
8.780000000000000027e-01 8.780000000000000027e-01 8.760000000000000009e-01 8.760000000000000009e-01 8.780000000000000027e-01 8.760000000000000009e-01 8.519999999999999796e-01 8.729999999999999982e-01 8.770000000000000018e-01 8.780000000000000027e-01 8.770000000000000018e-01
8.709999999999999964e-01 8.760000000000000009e-01 8.609999999999999876e-01 8.659999999999999920e-01 8.249999999999999556e-01 8.489999999999999769e-01 8.750000000000000000e-01 8.719999999999999973e-01 8.689999999999999947e-01 8.409999999999999698e-01 8.750000000000000000e-01
7.449999999999999956e-01 8.379999999999999671e-01 8.379999999999999671e-01 8.379999999999999671e-01 8.359999999999999654e-01 8.319999999999999618e-01 8.389999999999999680e-01 8.389999999999999680e-01 8.409999999999999698e-01 8.359999999999999654e-01 8.359999999999999654e-01
8.800000000000000044e-01 8.800000000000000044e-01 8.800000000000000044e-01 8.800000000000000044e-01 8.810000000000000053e-01 8.770000000000000018e-01 8.689999999999999947e-01 8.790000000000000036e-01 8.800000000000000044e-01 8.750000000000000000e-01 8.810000000000000053e-01
8.870000000000000107e-01 8.880000000000000115e-01 8.880000000000000115e-01 8.860000000000000098e-01 8.860000000000000098e-01 8.870000000000000107e-01 8.890000000000000124e-01 8.880000000000000115e-01 8.860000000000000098e-01 8.880000000000000115e-01 8.870000000000000107e-01
7.680000000000000160e-01 7.710000000000000187e-01 7.700000000000000178e-01 7.700000000000000178e-01 7.670000000000000151e-01 7.700000000000000178e-01 7.690000000000000169e-01 7.690000000000000169e-01 7.690000000000000169e-01 7.690000000000000169e-01 7.700000000000000178e-01
